0.000
0.333
0.666
2.222
2.666
3.111
3.555
4.222
4.888
5.333
7.111
7.999
8.444
8.888
9.777
10.666
11.333
12.444
12.888
13.333
13.777
14.222
15.111
15.555
15.999
16.777
17.777
18.333
18.666
19.111
19.444
20.333
20.777
21.333
21.999
22.333
22.666
23.111
23.888
24.444
24.888
25.222
25.555
25.888
26.333
26.666
27.444
27.888
28.222
28.777
29.111
29.555
29.999
31.888
32.222
32.638
32.999
33.555
34.222
34.666
35.111
35.555
35.888
36.222
36.888
37.333
38.666
39.111
39.777
40.888
41.666
42.222
42.666
43.666
43.999
44.444
45.148
45.999
47.333
47.777
48.666
49.333
49.599
50.444
50.777
51.111
51.555
53.222
53.555
53.999
54.333
54.666
55.111
55.777
56.622
56.888
57.222
57.555
58.666
60.222
60.666
61.111
61.777
62.222
