13.739
14.596
15.453
16.310
16.739
17.167
18.025
18.882
19.739
20.167
20.596
21.453
21.882
22.310
23.596
24.025
24.882
25.310
25.739
26.596
27.667
28.310
28.953
29.382
30.025
31.096
31.739
32.382
32.810
33.453
34.096
34.525
35.167
35.810
36.239
37.203
37.525
37.953
38.596
39.239
39.667
40.310
41.167
42.453
42.882
44.167
44.596
45.453
46.310
47.167
47.596
48.025
49.311
49.739
51.025
51.453
52.310
53.167
54.025
54.454
54.882
56.810
57.453
57.882
58.310
60.239
60.882
61.310
61.739
62.382
63.453
64.310
65.167
65.596
66.025
66.882
67.739
68.167
68.596
69.239
69.882
70.310
71.275
71.596
72.025
72.667
73.310
73.739
74.382
74.703
75.025
75.453
76.096
76.739
77.167
78.132
78.453
78.882
79.524
80.167
80.596
81.239
81.560
81.882
89.167
90.453
90.882
91.739
92.596
93.882
94.310
95.167
95.596
96.025
96.882
97.739
98.596
99.025
99.453
100.310
101.167
102.025
102.882
103.310
103.739
104.596
105.025
105.882
106.310
106.739
107.167
109.739
110.275
110.596
111.239
111.668
112.311
113.382
114.025
114.668
115.096
115.739
116.382
116.810
117.453
118.096
118.525
119.489
119.811
120.239
120.882
121.525
121.953
122.596
123.667
124.632
124.953
125.382
126.025
127.096
128.060
128.596
129.453
129.882
130.525
131.489
131.810
132.239
132.882
133.953
134.917
135.453
136.310
136.953
