0.030
0.311
0.592
1.530
1.811
2.092
3.030
3.311
3.592
4.530
5.280
5.561
5.842
6.123
6.592
7.530
7.811
8.092
9.030
9.311
9.592
10.342
10.811
11.092
11.561
11.842
12.311
12.592
13.530
13.811
14.092
15.030
15.311
15.592
16.530
16.811
17.092
17.655
17.936
18.592
19.155
19.530
20.092
20.655
20.936
21.592
22.061
22.342
22.811
23.092
23.842
24.311
24.592
25.061
25.342
26.092
26.842
27.217
27.780
28.155
28.530
28.905
29.655
30.030
30.311
30.592
31.155
31.530
31.811
32.280
32.655
33.030
33.311
33.592
34.155
34.530
34.905
35.280
35.655
36.030
36.405
36.780
37.061
37.342
37.905
38.280
38.655
39.030
39.405
39.780
40.155
40.530
40.811
41.092
41.655
42.030
42.780
43.061
43.342
44.092
44.467
44.842
45.311
45.592
46.530
46.811
47.092
47.561
47.842
48.592
49.155
49.530
50.280
50.561
50.842
51.592
52.061
52.342
53.092
53.655
54.030
54.967
55.530
55.905
56.280
56.561
56.842
57.592
57.967
58.342
58.811
59.092
59.561
59.842
60.592
61.155
61.530
62.092
62.561
62.842
63.405
63.780
64.061
64.342
64.905
65.280
65.655
66.030
66.592
67.155
67.530
67.905
68.280
68.655
69.030
69.405
69.780
70.155
70.530
71.280
72.030
72.592
73.155
73.530
74.092
74.655
75.030
75.592
76.155
76.530
77.092
77.655
78.030
78.592
79.342
79.905
80.280
80.842
81.405
81.780
82.342
82.905
83.467
83.842
84.405
84.780
85.155
85.530
85.811
86.092
86.655
87.030
87.311
87.592
88.155
88.530
89.092
89.655
90.030
90.592
90.967
91.530
91.811
92.092
92.561
92.842
93.592
94.155
94.530
94.905
95.280
95.655
96.030
108.030
108.405
108.967
109.342
109.905
110.280
110.655
111.030
111.405
111.967
112.342
112.905
113.280
113.655
114.030
114.405
114.967
115.342
115.905
116.280
116.655
117.030
117.780
118.155
118.436
119.280
119.655
120.030
120.405
120.780
121.155
121.530
121.905
122.280
122.655
123.030
123.405
123.780
124.155
124.530
124.998
125.280
125.655
126.030
126.405
126.780
127.155
127.530
127.905
128.280
128.655
129.030
129.405
129.780
130.155
130.530
130.905
131.280
131.655
132.030
132.405
132.780
133.155
133.530
133.905
134.280
134.655
135.030
135.967
136.530
136.905
137.280
137.655
138.030
138.967
139.530
139.905
140.280
140.655
141.030
141.780
142.530
142.811
143.092
143.467
144.030
144.405
144.780
145.530
146.092
146.655
147.030
147.967
148.530
149.280
149.655
150.030
150.592
151.530
151.905
152.280
152.655
153.030
153.967
154.530
154.905
155.280
155.655
156.030
156.405
156.780
157.061
157.342
158.092
158.655
159.030
159.405
159.780
160.155
160.530
161.092
161.655
162.030
162.592
163.342
164.280
164.655
165.030
165.311
165.592
166.530
166.905
167.280
167.655
168.030
168.405
168.780
169.155
169.530
169.905
170.280
171.030
171.405
171.780
172.530
172.905
173.280
173.655
174.030
174.780
175.155
175.530
175.905
176.280
177.030
177.405
177.780
178.155
178.530
179.092
179.467
179.842
180.592
181.155
181.530
181.905
182.280
183.030
183.592
184.530
184.905
185.280
185.655
186.030
186.405
186.780
187.155
187.530
187.905
188.280
188.842
189.405
189.780
190.155
190.530